
Wrote: results/paf_v1_ablation/ablation_results.csv
                           tag  n  1nn  3nn  cohen_d      p_value  within_between_gap  radius  gamma_fm  sigma_t  a_hyd  a_charge  a_vol
R10p0_G0p15_S0p06_W0p0-1p0-0p5 50 0.50 0.52 0.386594 6.420239e-06            0.054238    10.0      0.15     0.06    0.0       1.0    0.5
R10p0_G0p15_S0p04_W0p0-1p0-0p5 50 0.50 0.52 0.379060 8.978173e-06            0.051762    10.0      0.15     0.04    0.0       1.0    0.5
 R10p0_G0p1_S0p02_W1p0-1p0-0p0 50 0.50 0.52 0.337980 5.940201e-05            0.044598    10.0      0.10     0.02    1.0       1.0    0.0
R10p0_G0p15_S0p02_W1p0-1p0-0p0 50 0.50 0.46 0.334500 7.686111e-05            0.044239    10.0      0.15     0.02    1.0       1.0    0.0
R10p0_G0p15_S0p06_W1p0-1p0-0p0 50 0.48 0.42 0.392265 4.581212e-06            0.052901    10.0      0.15     0.06    1.0       1.0    0.0
R10p0_G0p15_S0p04_W1p0-1p0-0p0 50 0.48 0.46 0.370557 1.483192e-05            0.050245    10.0      0.15     0.04    1.0       1.0    0.0
 R8p0_G0p15_S0p02_W1p0-1p0-0p0 50 0.48 0.50 0.356789 3.886998e-05            0.065697     8.0      0.15     0.02    1.0       1.0    0.0
R10p0_G0p15_S0p02_W0p0-1p0-0p5 50 0.46 0.46 0.364137 1.421872e-05            0.045783    10.0      0.15     0.02    0.0       1.0    0.5
 R10p0_G0p1_S0p06_W1p0-1p0-0p0 50 0.44 0.44 0.363344 2.292194e-05            0.052391    10.0      0.10     0.06    1.0       1.0    0.0
 R10p0_G0p1_S0p04_W1p0-1p0-0p0 50 0.44 0.50 0.356320 3.171989e-05            0.050391    10.0      0.10     0.04    1.0       1.0    0.0
R10p0_G0p15_S0p06_W1p0-0p0-0p5 50 0.44 0.44 0.348491 5.369525e-05            0.049086    10.0      0.15     0.06    1.0       0.0    0.5
  R8p0_G0p1_S0p06_W1p0-0p0-0p5 50 0.44 0.44 0.323966 2.052060e-04            0.065524     8.0      0.10     0.06    1.0       0.0    0.5
 R8p0_G0p15_S0p06_W1p0-1p0-0p0 50 0.42 0.50 0.443468 5.661063e-07            0.085427     8.0      0.15     0.06    1.0       1.0    0.0
 R10p0_G0p1_S0p06_W0p0-1p0-0p5 50 0.42 0.42 0.418899 4.197491e-07            0.059818    10.0      0.10     0.06    0.0       1.0    0.5
  R8p0_G0p0_S0p04_W1p0-0p0-0p5 50 0.42 0.40 0.371544 4.559054e-06            0.064702     8.0      0.00     0.04    1.0       0.0    0.5
(sound-of-molecules) bash-3.2$ 

